21:16:14 4 1 0 4 3 12
21:27:54 4 2 0 3 3 12
21:30:50 4 2 0 3 3 12
21:43:39 4 1 0 3 2 10
21:45:10 4 1 0 3 2 10
21:49:33 4 1 0 3 2 10
21:50:06 4 1 0 3 2 10
21:50:46 4 1 0 3 2 10
21:51:41 4 1 0 4 2 11
21:51:46 4 1 0 3 2 10
21:51:55 4 1 0 3 2 10
21:52:23 4 1 0 3 2 10
21:52:27 4 1 0 3 2 10
21:53:26 5 1 0 3 2 11
21:53:35 4 1 0 3 3 11
21:53:48 4 1 0 3 4 12
21:53:54 4 1 0 3 4 12
21:54:04 4 1 0 4 3 12
21:54:10 4 1 0 3 3 11
21:54:30 4 1 0 4 3 12
21:54:35 4 1 0 3 3 11
21:55:04 4 1 0 3 3 11
21:55:09 4 1 0 3 3 11
21:57:18 4 1 0 3 3 11
21:57:30 4 1 0 3 3 11
21:57:41 4 1 0 3 4 12
21:57:49 4 1 0 3 4 12
21:57:56 4 1 0 3 4 12
21:58:02 4 1 0 3 5 13
21:58:07 4 1 0 3 4 12
21:58:16 4 1 0 3 4 12
21:59:07 4 1 0 3 4 12
21:59:14 3 1 0 3 5 12
21:59:19 3 1 0 3 5 12
22:00:00 3 1 0 3 5 12
22:00:06 3 1 0 3 4 11
22:00:12 3 1 0 3 4 11
22:00:17 3 1 0 3 4 11
22:00:21 3 1 0 3 4 11
22:00:26 3 1 0 3 4 11
22:00:31 3 1 0 3 4 11
22:01:01 3 2 0 3 4 12
22:01:05 3 2 0 3 4 12
22:01:14 3 2 0 3 5 13
22:01:24 3 2 0 3 4 12
22:01:34 3 2 0 3 4 12
22:02:05 3 2 0 3 4 12
22:02:20 3 2 0 3 4 12
22:02:28 3 2 0 3 4 12
22:02:35 3 2 0 3 4 12
22:02:47 3 2 0 3 4 12
22:03:02 3 2 0 3 4 12
22:03:11 3 2 0 3 3 11
22:04:51 2 2 0 2 4 10
23:08:30 0 1 0 2 2 5
23:08:45 0 1 0 2 1 4
23:09:19 0 1 0 2 1 4
