13:32:34 4 2 1 1 4 12
13:34:02 4 2 1 1 4 12
13:37:16 4 2 1 1 4 12
13:38:10 4 2 1 1 5 13
13:38:23 4 2 1 1 5 13
13:38:44 4 2 1 1 5 13
13:39:04 4 2 1 1 5 13
13:40:38 4 2 1 1 5 13
13:40:47 4 2 1 1 5 13
13:42:38 4 2 1 1 6 14
13:42:58 4 2 1 1 6 14
13:43:14 4 2 1 1 6 14
13:43:39 4 2 1 1 6 14
13:44:58 4 2 1 1 5 13
13:45:03 4 2 1 1 5 13
13:45:12 4 2 1 1 5 13
13:45:39 4 2 1 1 6 14
13:46:01 4 2 1 0 6 13
13:46:26 4 2 1 0 5 12
13:46:39 4 2 1 0 5 12
13:46:52 4 2 1 0 5 12
13:47:10 4 2 1 0 5 12
13:47:21 4 2 1 0 5 12
13:47:51 4 2 1 0 4 11
13:48:06 4 2 1 0 4 11
13:48:29 4 2 1 0 4 11
13:49:09 4 2 1 0 5 12
13:49:25 4 2 1 0 5 12
13:49:38 4 2 1 0 5 12
14:38:07 8 3 0 2 5 18
14:38:57 8 4 0 2 5 19
14:39:13 8 4 0 2 5 19
14:51:00 7 3 0 3 3 16
15:34:12 2 2 0 2 3 9
15:57:16 6 2 0 2 4 14
16:16:04 5 2 0 2 6 15
16:16:31 5 2 0 2 6 15
16:17:01 5 2 0 2 6 15
16:17:29 5 2 0 2 5 14
16:18:07 5 2 0 3 5 15
16:18:25 5 2 0 3 5 15
16:18:53 5 2 0 3 5 15
16:19:12 5 2 0 3 5 15
16:19:32 4 2 0 3 5 14
16:21:18 3 2 0 3 4 12
16:43:12 3 2 0 2 2 9
16:46:22 3 2 0 2 2 9
16:51:10 2 2 0 2 2 8
19:51:47 3 2 0 4 5 14
19:53:38 4 3 0 4 5 16
19:54:13 3 3 0 4 4 14
19:55:33 4 3 0 4 4 15
19:56:44 4 2 0 5 5 16
19:57:06 4 2 0 4 6 16
19:57:27 4 2 0 4 5 15
19:58:21 5 2 0 4 6 17
19:58:48 5 2 0 4 6 17
20:00:05 5 2 0 4 4 15
20:03:07 5 2 0 4 6 17
20:04:51 4 2 0 4 6 16
20:05:21 4 2 0 4 5 15
20:06:07 4 2 0 4 4 14
20:38:03 4 2 0 4 5 15
20:39:19 4 2 0 5 5 16
20:40:40 4 2 0 4 6 16
20:53:54 4 2 0 4 5 15
20:56:08 4 3 0 4 4 15
20:56:33 4 3 0 4 4 15
20:58:18 4 2 0 4 5 15
20:58:36 4 2 0 4 5 15
20:58:48 4 2 0 4 5 15
20:58:58 4 2 0 4 5 15
20:59:16 4 2 0 4 5 15
20:59:32 4 2 0 4 5 15
21:24:52 4 2 0 5 3 14
