00:08:39 0 1 0 2 2 5
00:10:30 0 1 0 2 2 5
00:10:36 0 1 0 2 2 5
00:10:58 0 1 0 2 2 5
00:11:36 0 1 0 2 1 4
00:11:47 0 1 0 2 1 4
00:12:11 0 1 0 2 1 4
00:12:42 0 1 0 2 1 4
00:14:11 0 1 0 2 1 4
00:14:23 0 1 0 2 1 4
00:16:36 0 1 0 2 1 4
00:16:46 0 1 0 2 1 4
00:16:48 0 1 0 2 1 4
00:16:49 0 1 0 2 1 4
00:16:50 0 1 0 2 1 4
00:17:10 0 1 0 2 1 4
00:18:42 0 1 0 2 2 5
00:18:51 0 1 0 2 2 5
00:20:50 0 1 0 2 1 4
00:51:29 0 1 1 1 0 3
00:59:15 0 2 0 1 0 3
01:31:07 0 1 0 1 0 2
02:26:37 0 1 0 1 0 2
02:57:53 0 1 0 2 0 3
02:58:00 0 1 0 2 0 3
02:58:02 0 1 0 2 0 3
02:58:03 0 1 0 2 0 3
10:29:15 0 1 0 3 2 6
10:32:26 0 1 0 2 2 5
10:52:14 1 1 0 2 5 9
10:53:27 1 1 0 2 5 9
10:53:29 1 1 0 2 5 9
10:53:31 1 1 0 2 5 9
10:56:39 1 1 0 2 5 9
10:57:30 1 1 0 2 5 9
11:02:43 1 1 0 2 4 8
11:09:21 1 2 0 2 5 10
11:09:27 1 2 0 2 5 10
11:09:52 1 2 0 2 6 11
11:09:53 1 3 0 2 5 11
11:09:55 1 2 0 2 5 10
11:09:55 1 2 0 2 5 10
11:09:56 1 2 0 2 5 10
11:09:57 1 2 0 2 5 10
11:09:57 1 2 0 2 5 10
11:09:58 1 2 0 2 5 10
11:10:02 1 2 0 2 5 10
11:10:17 2 2 0 2 5 11
11:10:34 1 2 0 2 5 10
11:10:35 1 2 0 2 5 10
11:11:29 1 2 0 2 6 11
11:11:47 1 2 0 2 6 11
11:15:39 3 1 0 2 5 11
11:16:01 3 1 0 2 5 11
11:16:08 3 1 0 2 5 11
11:17:04 3 1 0 2 5 11
11:18:07 3 1 0 2 5 11
14:42:10 1 4 0 4 2 11
14:49:25 2 4 0 4 4 14
14:51:33 2 5 0 4 4 15
14:51:51 2 5 0 4 5 16
14:51:57 2 5 0 4 5 16
14:53:47 2 3 0 4 3 12
14:53:59 2 3 0 4 3 12
14:54:09 2 3 0 4 3 12
14:54:19 2 3 0 4 3 12
14:56:13 2 3 0 4 3 12
14:56:36 2 3 0 4 3 12
14:57:58 2 3 0 4 3 12
14:58:23 2 3 0 4 3 12
14:59:05 2 3 0 4 3 12
14:59:52 2 3 0 4 3 12
15:00:02 1 3 0 4 3 11
